---
startPose:
  x: 51.75
  y: -29.5
  heading: 3.141592653589793
startTangent: 0.0
waypoints:
- position:
    x: 40.0
    y: -11.5
  heading: 3.141592653589793
  tangent: 0.0
  interpolationType: "LINEAR"
- position:
    x: -61.0
    y: -11.5
  heading: 3.141592653589793
  tangent: 0.0
  interpolationType: "LINEAR"
- position:
    x: 40.0
    y: -11.5
  heading: 3.141592653589793
  tangent: 0.0
  interpolationType: "LINEAR"
- position:
    x: 51.75
    y: -29.5
  heading: 3.141592653589793
  tangent: 0.0
  interpolationType: "LINEAR"
resolution: 0.25
version: 1
