---
startPose:
  x: -36.0
  y: 63.5
  heading: 4.71238898038469
startTangent: 0.0
waypoints:
- position:
    x: -36.0
    y: 33.5
  heading: 4.71238898038469
  tangent: 0.0
  interpolationType: "LINEAR"
- position:
    x: -48.0
    y: 33.5
  heading: 4.71238898038469
  tangent: 0.0
  interpolationType: "LINEAR"
- position:
    x: -48.0
    y: 12.0
  heading: 4.71238898038469
  tangent: 0.0
  interpolationType: "LINEAR"
- position:
    x: 60.0
    y: 12.0
  heading: 3.141592653589793
  tangent: 0.0
  interpolationType: "SPLINE"
resolution: 0.25
version: 1
