---
startPose:
  x: -36.0
  y: -63.5
  heading: 1.5707963267948966
startTangent: 0.0
waypoints:
- position:
    x: -36.0
    y: -12.0
  heading: 1.5707963267948966
  tangent: 0.0
  interpolationType: "LINEAR"
- position:
    x: 36.0
    y: -12.0
  heading: 3.141592653589793
  tangent: 0.0
  interpolationType: "SPLINE"
- position:
    x: 50.0
    y: -28.5
  heading: 3.141592653589793
  tangent: 0.0
  interpolationType: "LINEAR"
- position:
    x: 50.0
    y: -12.0
  heading: 3.141592653589793
  tangent: 0.0
  interpolationType: "LINEAR"
resolution: 0.25
version: 1
