---
startPose:
  x: -39.0
  y: -62.0
  heading: 1.5707963267948966
startTangent: 0.0
waypoints:
- position:
    x: -46.0
    y: -41.0
  heading: 3.141592653589793
  tangent: 0.0
  interpolationType: "SPLINE"
- position:
    x: 51.75
    y: -29.5
  heading: 3.141592653589793
  tangent: 0.0
  interpolationType: "LINEAR"
resolution: 0.25
version: 1
